metadata_lines 1
implementation:CLUSTERING_OPENCV metric:[METRIC_CLOSEST_PERMUTATION,4] clusterNumber:7 maxIterations:300 stopThreshold:1e-05 attempts:3 generateElbowCurve:false generateDistanceMatrix:false
dims 7 32
0.0347440093755722 0.60327684879303 2.23586392402649 3.98162484169006 0.0417988635599613 0.283562898635864 0.619988739490509 1.87460565567017 0.0414054058492184 0.209030285477638 0.424575686454773 0.958056628704071 0.0399822592735291 0.198995515704155 0.336771756410599 0.704430818557739 0.0387207046151161 0.17936098575592 0.301851212978363 0.578935325145721 0.0438623875379562 0.228836730122566 0.383284896612167 0.971753358840942 0.0415974669158459 0.30379781126976 0.900208950042725 1.9502238035202 0.0335757844150066 0.560221254825592 2.40231728553772 4.26447010040283 
0.036299753934145 1.33644282817841 2.79106426239014 3.77062225341797 0.0391262248158455 2.97891640663147 4.67258644104004 4.92494869232178 0.0521867722272873 2.17277264595032 3.82835626602173 4.58157777786255 0.0373539142310619 0.763163924217224 1.57247376441956 2.44322204589844 0.0280112084001303 0.134804353117943 0.355261236429214 0.804016768932343 0.0179222263395786 0.115019954741001 0.341065436601639 0.65893167257309 0.0230514742434025 0.139417171478271 0.256131738424301 0.627857744693756 0.0322147756814957 0.242158949375153 0.548021495342255 1.20804500579834 
0.0553035065531731 3.93656063079834 4.74335908889771 4.83730411529541 0.0405437350273132 1.97961294651031 3.2453784942627 3.87064957618713 0.0233661867678165 0.393301486968994 1.07107901573181 1.7892849445343 0.0103130871430039 0.113251142203808 0.422958195209503 0.97594541311264 0.0218735858798027 0.196809560060501 0.517356812953949 1.08435916900635 0.0366532541811466 0.611052989959717 1.05696368217468 1.66754937171936 0.0409092642366886 2.01136112213135 3.24155592918396 3.98132419586182 0.0512499287724495 4.12723350524902 4.83309030532837 4.90099477767944 
0.0195273477584124 0.298052430152893 0.604312121868134 1.23200047016144 0.0157417245209217 0.198244363069534 0.351952761411667 0.727614939212799 0.0122781218960881 0.142325282096863 0.288080602884293 0.707086443901062 0.0218975152820349 0.391253560781479 0.827358245849609 1.59435939788818 0.043158907443285 1.64040434360504 2.80388116836548 3.74097752571106 0.0677447393536568 2.94433498382568 4.5014796257019 4.78941679000854 0.0453290157020092 2.54103374481201 4.05683422088623 4.67984294891357 0.0295634157955647 1.03565537929535 1.78552567958832 2.51605010032654 
0.039723102003336 0.140041127800941 0.197207614779472 0.371519505977631 0.0349619351327419 0.13882040977478 0.229734614491463 0.531112313270569 0.0329583249986172 0.131995633244514 0.251067727804184 0.53058248758316 0.0425240136682987 0.170656517148018 0.253391325473785 0.560504138469696 0.0497485511004925 0.181467279791832 0.331490725278854 0.554068207740784 0.0353396572172642 0.140701502561569 0.242149949073792 0.561776399612427 0.0328002125024796 0.12259628623724 0.204326197504997 0.437128335237503 0.0393564999103546 0.140755623579025 0.194564521312714 0.349649041891098 
0.0214774608612061 0.275807172060013 0.540527641773224 1.02711749076843 0.0550419129431248 0.647829234600067 1.30806088447571 2.23009037971497 0.0460914298892021 1.8783106803894 3.19512128829956 4.01440048217773 0.0654421970248222 2.97045254707336 4.35314416885376 4.70419883728027 0.0552940331399441 2.34099364280701 3.33093619346619 4.16768455505371 0.0689015164971352 1.14994609355927 1.62789809703827 2.38490462303162 0.0358820147812366 0.317329585552216 0.543734848499298 1.07207024097443 0.0223579648882151 0.211537078022957 0.371945142745972 0.827572703361511 
0.0483478493988514 3.12339615821838 4.1772985458374 4.52506256103516 0.0468774251639843 3.40047645568848 4.22289228439331 4.58813095092773 0.0795015022158623 3.13427257537842 3.94385170936584 4.32193517684937 0.0747622549533844 2.53681039810181 3.5376455783844 4.03842067718506 0.131155103445053 2.53565120697021 3.35150170326233 3.89058709144592 0.129179269075394 2.69378304481506 3.38839316368103 3.7828574180603 0.0912911370396614 2.25232458114624 3.25436115264893 3.700110912323 0.0696391463279724 2.15059113502502 3.35417175292969 3.87158250808716 
